//X Y Z R G B
-22.40537262 9.59656715 -2.48321295 170 0 0
-22.46589470 9.79050827 -2.45621395 170 0 0
-22.42624283 9.60559082 -2.47332191 170 0 0
-22.39825821 9.63052368 -2.46957588 170 0 0
-22.37921143 9.64718342 -2.47419810 170 0 0
-22.39641762 9.69637680 -2.46339393 170 0 0
-22.35537148 9.66181946 -2.47771597 170 0 0
-22.20061493 9.66814518 -2.51066494 170 0 0
-22.42216873 9.90264797 -2.46560407 170 0 0
-22.11845589 9.73086357 -2.50540805 170 0 0
-22.29828835 9.59975910 -2.51233792 170 0 0
-22.37292862 9.82494926 -2.46975994 170 0 0
-22.34741402 9.91571236 -2.47232199 170 0 0
-22.17275620 9.73354816 -2.50529790 170 0 0
-22.15401459 9.68522263 -2.51134896 170 0 0
-22.35201836 9.64753628 -2.48364210 170 0 0
-22.37254715 9.64429379 -2.47704291 170 0 0
-22.24911690 9.64932346 -2.51097703 170 0 0
-22.31537056 9.60912704 -2.50798392 170 0 0
-22.45145035 9.76097202 -2.45701694 170 0 0
-22.20718575 9.74529171 -2.49993610 170 0 0
-22.45245361 9.70182514 -2.45349312 170 0 0
-22.37845612 9.65906525 -2.47083211 170 0 0
-22.41490364 9.62559223 -2.46745992 170 0 0
-22.31628036 9.68186378 -2.48508596 170 0 0
-22.45829201 9.79486370 -2.45917892 170 0 0
-22.22926903 9.74294662 -2.49371791 170 0 0
-22.36011505 9.85029602 -2.47001195 170 0 0
-22.39535141 9.62924099 -2.47257590 170 0 0
-22.25388527 9.72909641 -2.49065089 170 0 0
-22.22187996 9.80145264 -2.48445201 170 0 0
-22.30601311 9.64589691 -2.50257707 170 0 0
-22.33489037 9.85116482 -2.47434092 170 0 0
-22.32463455 9.86284828 -2.47257209 170 0 0
-22.23100853 9.71901226 -2.50047112 170 0 0
-22.38417625 9.60002422 -2.49016690 170 0 0
-22.40547180 9.67157841 -2.46249390 170 0 0
-22.22587585 9.71675110 -2.50168300 170 0 0
-22.42637444 9.84186935 -2.46440101 170 0 0
-22.18262672 9.68527412 -2.50988507 170 0 0
-22.26477623 9.85760498 -2.47742891 170 0 0
-22.33737183 9.62896347 -2.49764705 170 0 0
-22.23654938 9.64700985 -2.51511097 170 0 0
-22.37519836 9.90663624 -2.46868896 170 0 0
-22.46885872 9.81030083 -2.45731091 170 0 0
-22.36796188 9.60519791 -2.49711299 170 0 0
-22.37518692 9.60835171 -2.49085498 170 0 0
-22.29890442 9.71121120 -2.48282409 170 0 0
-22.43312645 9.88255501 -2.46243310 170 0 0
-22.40700531 9.72145462 -2.46008706 170 0 0
-22.32944489 9.71664143 -2.47770190 170 0 0
-22.18461990 9.79738522 -2.49169493 170 0 0
-22.30126572 9.66264725 -2.49715590 170 0 0
-22.15420151 9.74662113 -2.50425792 170 0 0
-22.25733376 9.74278164 -2.48426008 170 0 0
-22.38028526 9.70981407 -2.46597195 170 0 0
-22.18368912 9.78394318 -2.49443102 170 0 0
-22.31184959 9.82220840 -2.47523904 170 0 0
-22.21089172 9.82488346 -2.48545289 170 0 0
-22.40613174 9.65888786 -2.46326399 170 0 0
-22.33562279 9.65320015 -2.48769903 170 0 0
-22.39218140 9.57828617 -2.49718595 170 0 0
-22.21819878 9.76244736 -2.49198508 170 0 0
-22.37815094 9.83300114 -2.46778011 170 0 0
-22.29609108 9.62080765 -2.50792289 170 0 0
-22.28860474 9.62047005 -2.50656199 170 0 0
-22.41125298 9.72331429 -2.45898795 170 0 0
-22.37436867 9.60798264 -2.49255109 170 0 0
-22.39078331 9.62726021 -2.47563291 170 0 0
-22.42722702 9.83194637 -2.46613693 170 0 0
-22.36801720 9.59683418 -2.50205898 170 0 0
-22.35810089 9.60091305 -2.50307298 170 0 0
-22.33206558 9.81268692 -2.47308993 170 0 0
-22.40547943 9.90759373 -2.46779490 170 0 0
-22.21537399 9.66270542 -2.51048994 170 0 0
-22.36913872 9.75067139 -2.46677089 170 0 0
-22.34370232 9.63068199 -2.49621296 170 0 0
-22.43819618 9.74735928 -2.45570302 170 0 0
-22.29445839 9.65966415 -2.50160599 170 0 0
-22.40603638 9.64654732 -2.46462607 170 0 0
-22.34153557 9.66799259 -2.47998810 170 0 0
-22.45217705 9.80298519 -2.46071792 170 0 0
-22.23908234 9.64812565 -2.51192594 170 0 0
-22.37736130 9.68818760 -2.47014689 170 0 0
-22.21109390 9.66081047 -2.51540995 170 0 0
-22.31040764 9.86544323 -2.47484899 170 0 0
-22.37664604 9.70821762 -2.46739697 170 0 0
-22.31696892 9.63274479 -2.50443792 170 0 0
-22.38385010 9.86078262 -2.46723795 170 0 0
-22.28792572 9.84318542 -2.47689795 170 0 0
-22.44935989 9.82686520 -2.46193194 170 0 0
-22.39983749 9.66834164 -2.46445608 170 0 0
-22.17700577 9.68278694 -2.51279902 170 0 0
-22.34151840 9.74261093 -2.47259402 170 0 0
-22.43444824 9.62180138 -2.46426010 170 0 0
-22.45929718 9.74422264 -2.45383406 170 0 0
-22.40314293 9.66978455 -2.46326089 170 0 0
-22.38277054 9.89556885 -2.47117901 170 0 0
-22.40158463 9.80590534 -2.46353006 170 0 0
-22.21772957 9.66374588 -2.50912809 170 0 0
-22.27250099 9.67356396 -2.50310111 170 0 0
-22.39314651 9.83243084 -2.46746898 170 0 0
-22.21676636 9.72628880 -2.50162292 170 0 0
-22.43560028 9.68387699 -2.45460296 170 0 0
-22.26375198 9.69575405 -2.50001597 170 0 0
-22.19299698 9.67746735 -2.51222992 170 0 0
-22.34007072 9.58094215 -2.51015997 170 0 0
-22.19260979 9.76358223 -2.49794292 170 0 0
-22.35414314 9.68575668 -2.47496605 170 0 0
-22.28904724 9.72198296 -2.48254800 170 0 0
-22.22618294 9.82808876 -2.48288107 170 0 0
-22.39552307 9.79131222 -2.46237612 170 0 0
-22.19025230 9.79918480 -2.49177289 170 0 0
-22.32537842 9.83409500 -2.47457600 170 0 0
-22.41063118 9.64854336 -2.46332502 170 0 0
-22.37561417 9.78255844 -2.46735811 170 0 0
-22.22813606 9.75456810 -2.48989797 170 0 0
-22.21308899 9.69040966 -2.50775099 170 0 0
-22.36400604 9.58823967 -2.50541091 170 0 0
-22.35408211 9.84762192 -2.47096491 170 0 0
-22.32570267 9.73814201 -2.47712207 170 0 0
-22.37018204 9.71608639 -2.46749997 170 0 0
-22.29463577 9.79619408 -2.47591209 170 0 0
-22.37265587 9.75576496 -2.46731997 170 0 0
-22.38182640 9.68552685 -2.46873689 170 0 0
-22.29524231 9.87112427 -2.47561193 170 0 0
-22.24705124 9.76291847 -2.48497295 170 0 0
-22.27860451 9.82286358 -2.47889900 170 0 0
-22.34227562 9.73019695 -2.47182608 170 0 0
-22.27726746 9.69004917 -2.49719310 170 0 0
-22.27676010 9.72610474 -2.48498392 170 0 0
-22.28875351 9.78129864 -2.47727704 170 0 0
-22.31791687 9.64616966 -2.49970293 170 0 0
-22.36547470 9.81506348 -2.46994209 170 0 0
-22.37151718 9.63151932 -2.48528409 170 0 0
-22.25083351 9.66547775 -2.50691700 170 0 0
-22.37456131 9.72850418 -2.46765399 170 0 0
-22.24228668 9.74909878 -2.48970199 170 0 0
-22.46104813 9.75730133 -2.45469308 170 0 0
-22.38406372 9.72292900 -2.46517897 170 0 0
-22.34826660 9.78219223 -2.47178006 170 0 0
-22.33125114 9.73811722 -2.47488594 170 0 0
-22.27175522 9.73157501 -2.48740292 170 0 0
-22.20469284 9.76894665 -2.49227691 170 0 0
-22.33101654 9.70057106 -2.47704506 170 0 0
-22.38331795 9.64898682 -2.47124791 170 0 0
-22.41880608 9.66440201 -2.45757699 170 0 0
-22.46737671 9.78436089 -2.45434499 170 0 0
-22.33662987 9.59624100 -2.50795293 170 0 0
-22.21314812 9.66172028 -2.51385593 170 0 0
-22.35020638 9.84589672 -2.47232008 170 0 0
-22.30051613 9.82886219 -2.47708392 170 0 0
-22.40609169 9.63390923 -2.46687508 170 0 0
-22.19619370 9.75781155 -2.49939203 170 0 0
-22.34073830 9.66763115 -2.48174691 170 0 0
-22.35968590 9.75296879 -2.46858501 170 0 0
-22.27668571 9.70975018 -2.49030805 170 0 0
-22.16322327 9.76346016 -2.50250006 170 0 0
-22.28020477 9.66606426 -2.50241590 170 0 0
-22.40176964 9.61990166 -2.47292590 170 0 0
-22.37911224 9.61005402 -2.48796511 170 0 0
-22.24491119 9.73729515 -2.48990607 170 0 0
-22.35035706 9.66573524 -2.47930098 170 0 0
-22.29559517 9.63575077 -2.50622392 170 0 0
-22.17134094 9.77267838 -2.50054193 170 0 0
-22.25763321 9.68250084 -2.50433111 170 0 0
-22.12345123 9.72549438 -2.50673389 170 0 0
-22.43848228 9.87132263 -2.46160007 170 0 0
-22.39164352 9.60189915 -2.48633909 170 0 0
-22.36499977 9.65318871 -2.47812390 170 0 0
-22.42898941 9.71562862 -2.45741010 170 0 0
-22.41284370 9.66713524 -2.45969009 170 0 0
-22.42477226 9.60494423 -2.47487712 170 0 0
-22.17285538 9.70559216 -2.50658798 170 0 0
-22.26416016 9.70868015 -2.49378204 170 0 0
-22.43763161 9.80975246 -2.46193004 170 0 0
-22.24174118 9.72373676 -2.49641895 170 0 0
-22.36895370 9.65492916 -2.47333789 170 0 0
-22.28746986 9.76860332 -2.47918510 170 0 0
-22.36618805 9.67872715 -2.47218490 170 0 0
-22.32341766 9.77754116 -2.47264600 170 0 0
-22.38062286 9.64780903 -2.47273397 170 0 0
-22.45552826 9.73857975 -2.45491910 170 0 0
-22.38418961 9.79827499 -2.46527100 170 0 0
-22.30968094 9.79051495 -2.47430301 170 0 0
-22.35280609 9.87191868 -2.47186494 170 0 0
-22.35059166 9.77158642 -2.46980810 170 0 0
-22.26171303 9.81367874 -2.48154712 170 0 0
-22.32359695 9.67240620 -2.48730803 170 0 0
-22.31323433 9.78349876 -2.47488403 170 0 0
-22.23054886 9.80529213 -2.48203301 170 0 0
-22.24633598 9.68811989 -2.50509310 170 0 0
-22.37102127 9.74278069 -2.46625805 170 0 0
-22.21605492 9.83595276 -2.48425388 170 0 0
-22.20809174 9.67141819 -2.50790191 170 0 0
-22.35476303 9.87350082 -2.47286606 170 0 0
-22.39677811 9.58028603 -2.49424005 170 0 0
-22.25996017 9.80603123 -2.47989202 170 0 0
-22.33426857 9.66479778 -2.48619008 170 0 0
-22.19741631 9.69986534 -2.50881791 170 0 0
-22.17661667 9.78135777 -2.49713206 170 0 0
-22.16300392 9.74979877 -2.50441003 170 0 0
-22.38338470 9.60684490 -2.48908091 170 0 0
-22.35010719 9.57262707 -2.51591992 170 0 0
-22.33063507 9.66320896 -2.48753595 170 0 0
-22.34013176 9.64235592 -2.49111891 170 0 0
-22.29905891 9.71126175 -2.48459411 170 0 0
-22.40105057 9.80870819 -2.46698403 170 0 0
-22.38062859 9.76325512 -2.46507001 170 0 0
-22.45557785 9.83780289 -2.46169996 170 0 0
-22.45189095 9.84061337 -2.46253204 170 0 0
-22.44865227 9.83564186 -2.46284699 170 0 0
-22.41471863 9.74333477 -2.46159792 170 0 0
-22.38338280 9.78598785 -2.46469498 170 0 0
-22.31470871 9.66754913 -2.49199605 170 0 0
-22.38251114 9.58665657 -2.49664903 170 0 0
-22.19861031 9.77914715 -2.49225307 170 0 0
-22.39400482 9.67836189 -2.46474195 170 0 0
-22.33380127 9.71399307 -2.47638702 170 0 0
-22.35135841 9.70945740 -2.47230601 170 0 0
-22.20481682 9.79387760 -2.48975205 170 0 0
-22.13447189 9.72549820 -2.50558209 170 0 0
-22.36272049 9.64000797 -2.48301911 170 0 0
-22.20731163 9.72072220 -2.50345111 170 0 0
-22.38637924 9.84831524 -2.46697307 170 0 0
-22.19096565 9.80020428 -2.49068308 170 0 0
-22.37512779 9.65761089 -2.47228599 170 0 0
-22.33610153 9.67788982 -2.47992611 170 0 0
-22.33165550 9.62646484 -2.50065088 170 0 0
-22.37085915 9.66856289 -2.47243404 170 0 0
-22.25187683 9.62889767 -2.51410389 170 0 0
-22.17723465 9.72002697 -2.50555491 170 0 0
-22.22283554 9.77981567 -2.48770094 170 0 0
-22.42474174 9.59236431 -2.47979999 170 0 0
-22.30030060 9.67486477 -2.49224901 170 0 0
-22.34910965 9.64697361 -2.48584104 170 0 0
-22.21800423 9.79972744 -2.48581195 170 0 0
-22.18722534 9.74873924 -2.50271392 170 0 0
-22.37389183 9.63257408 -2.48031402 170 0 0
-22.39166069 9.71476364 -2.46381497 170 0 0
-22.33647919 9.75230885 -2.47245097 170 0 0
-22.34993935 9.72161293 -2.47118807 170 0 0
-22.27410889 9.80641937 -2.48000693 170 0 0
-22.38775063 9.84951878 -2.46687508 170 0 0
-22.30843735 9.91434669 -2.47607994 170 0 0
-22.35928726 9.65070724 -2.48107290 170 0 0
-22.43312454 9.59598255 -2.47552991 170 0 0
-22.35749817 9.86118507 -2.46990800 170 0 0
-22.19970131 9.71737385 -2.50442290 170 0 0
-22.34700012 9.65816784 -2.48197699 170 0 0
-22.19985390 9.81639767 -2.48698497 170 0 0
-22.20819283 9.73364353 -2.50199795 170 0 0
-22.34804916 9.85839176 -2.47328210 170 0 0
-22.14365387 9.70527840 -2.50700092 170 0 0
-22.14684105 9.73042679 -2.50602508 170 0 0
-22.38328171 9.69799805 -2.46587992 170 0 0
-22.19905853 9.72962379 -2.50277305 170 0 0
-22.32149124 9.59718418 -2.50826812 170 0 0
-22.35307884 9.58655357 -2.50625896 170 0 0
-22.36466980 9.60375118 -2.50040102 170 0 0
-22.40205956 9.89373398 -2.46669888 170 0 0
-22.33571434 9.59125137 -2.50770712 170 0 0
-22.43165016 9.59533596 -2.47709894 170 0 0
-22.24342346 9.77361202 -2.48256898 170 0 0
-22.37921524 9.72162342 -2.46489191 170 0 0
-22.39315033 9.65324211 -2.46874690 170 0 0
-22.45204353 9.77917576 -2.45996499 170 0 0
-22.38196373 9.57386494 -2.50327492 170 0 0
-22.40318298 9.58305931 -2.48976302 170 0 0
-22.44669914 9.66544437 -2.45404911 170 0 0
-22.37254906 9.61931992 -2.48754191 170 0 0
-22.45424652 9.81638908 -2.46101689 170 0 0
-22.29330635 9.73806953 -2.48105311 170 0 0
-22.26881981 9.66110897 -2.50461793 170 0 0
-22.29080391 9.87246990 -2.47862196 170 0 0
-22.31742668 9.64525318 -2.49807310 170 0 0
-22.25537491 9.71668530 -2.49499106 170 0 0
-22.44081688 9.67392254 -2.45493102 170 0 0
-22.44541931 9.86265469 -2.45957804 170 0 0
-22.35371780 9.62467480 -2.49392200 170 0 0
-22.29426765 9.68302345 -2.49170804 170 0 0
-22.36619949 9.79035091 -2.47019005 170 0 0
-22.39825821 9.69268703 -2.46351790 170 0 0
-22.32501793 9.58658886 -2.51550293 170 0 0
-22.44606400 9.90036106 -2.46240807 170 0 0
-22.24554253 9.71235943 -2.49915290 170 0 0
-22.41147232 9.63623905 -2.46571803 170 0 0
-22.39392853 9.65359402 -2.46721196 170 0 0
-22.19568825 9.81495762 -2.48875093 170 0 0
-22.25054741 9.67806816 -2.50577903 170 0 0
-22.45070839 9.76560593 -2.45620394 170 0 0
-22.32637024 9.82268810 -2.47409105 170 0 0
-22.38528824 9.63753128 -2.47462511 170 0 0
-22.38763046 9.60152245 -2.48877096 170 0 0
-22.38159561 9.74740314 -2.46387196 170 0 0
-22.32131958 9.69634342 -2.47937298 170 0 0
-22.24089622 9.73113346 -2.49586296 170 0 0
-22.23620987 9.73343658 -2.49596095 170 0 0
-22.19934273 9.74208736 -2.50249696 170 0 0
-22.44028282 9.61758804 -2.46832395 170 0 0
-22.24444389 9.83617783 -2.48157191 170 0 0
-22.30922127 9.60449982 -2.50834608 170 0 0
-22.31950378 9.75794697 -2.47337103 170 0 0
-22.24660301 9.63881493 -2.51401711 170 0 0
-22.33379364 9.87581635 -2.47213602 170 0 0
-22.41160011 9.61191940 -2.47403097 170 0 0
-22.33403397 9.62750816 -2.49913692 170 0 0
-22.37159157 9.56939507 -2.50737810 170 0 0
-22.14729500 9.71103477 -2.50774908 170 0 0
-22.34086227 9.89138699 -2.47192407 170 0 0
-22.39768410 9.70427132 -2.46222806 170 0 0
-22.44196320 9.74647045 -2.45633602 170 0 0
-22.31556892 9.70656395 -2.48128009 170 0 0
-22.32361794 9.73477173 -2.47590208 170 0 0
-22.41603279 9.71227074 -2.45735192 170 0 0
-22.29954720 9.60026836 -2.51607299 170 0 0
-22.36006165 9.82501984 -2.47094107 170 0 0
-22.18157578 9.78357792 -2.49419093 170 0 0
-22.20953369 9.75860596 -2.49454999 170 0 0
-22.26845360 9.84752655 -2.47899508 170 0 0
-22.35228920 9.89567471 -2.47197390 170 0 0
-22.37072754 9.63119602 -2.48339510 170 0 0
-22.28958130 9.68268108 -2.49562001 170 0 0
-22.36552048 9.83997726 -2.46967602 170 0 0
-22.32867050 9.71229553 -2.47738194 170 0 0
-22.34243774 9.63116264 -2.49480009 170 0 0
-22.39368439 9.64252090 -2.47001410 170 0 0
-22.39263344 9.73691654 -2.46294188 170 0 0
-22.36222839 9.75120163 -2.46795297 170 0 0
-22.41764069 9.87571812 -2.46401501 170 0 0
-22.25922585 9.61993313 -2.51614904 170 0 0
-22.33954430 9.74914455 -2.47353911 170 0 0
-22.36985588 9.55685711 -2.51339793 170 0 0
-22.44168282 9.76662064 -2.45928597 170 0 0
-22.42295074 9.61682034 -2.46998906 170 0 0
-22.29409790 9.84926891 -2.47631907 170 0 0
-22.29708099 9.77411842 -2.47772503 170 0 0
-22.36396408 9.86823845 -2.47018409 170 0 0
-22.16767120 9.75256348 -2.50395107 170 0 0
-22.38490486 9.88956070 -2.46818805 170 0 0
-22.41420555 9.78254318 -2.46235991 170 0 0
-22.35488129 9.78538132 -2.47061110 170 0 0
-22.39349365 9.66558838 -2.46734500 170 0 0
-22.22922516 9.68065262 -2.50678301 170 0 0
-22.26403618 9.86985683 -2.47800708 170 0 0
-22.43631554 9.70923805 -2.45566511 170 0 0
-22.31757927 9.66978168 -2.49012399 170 0 0
-22.38043213 9.75917244 -2.46474290 170 0 0
-22.24055481 9.73537159 -2.49295902 170 0 0
-22.22011566 9.73890209 -2.49809289 170 0 0
-22.41931343 9.59000874 -2.48455000 170 0 0
-22.38494682 9.76115704 -2.46345711 170 0 0
-22.32849884 9.65008831 -2.49224806 170 0 0
-22.36975288 9.78851509 -2.47008109 170 0 0
-22.10552979 9.70079231 -2.51152802 170 0 0
-22.42098427 9.62821960 -2.46641707 170 0 0
-22.09574509 9.69646645 -2.51574612 170 0 0
-22.24180984 9.74847603 -2.48987198 170 0 0
-22.37189674 9.60690403 -2.49414492 170 0 0
-22.33605194 9.72747040 -2.47467995 170 0 0
-22.25387192 9.70414257 -2.49975300 170 0 0
-22.29907608 9.60008240 -2.51422310 170 0 0
-22.39141083 9.72695446 -2.46280408 170 0 0
-22.32649422 9.58724117 -2.51388502 170 0 0
-22.28177834 9.77822304 -2.47826695 170 0 0
-22.21867371 9.75038338 -2.49411297 170 0 0
-22.37113762 9.55690575 -2.51393008 170 0 0
-22.34495926 9.74363899 -2.47125793 170 0 0
-22.24703407 9.72608376 -2.49343491 170 0 0
-22.18970871 9.73784256 -2.50509095 170 0 0
-22.33309746 9.67657185 -2.48132491 170 0 0
-22.41589165 9.60112381 -2.47733092 170 0 0
-22.32916832 9.60050106 -2.50729895 170 0 0
-22.33861351 9.65450954 -2.48639011 170 0 0
-22.31426620 9.64386940 -2.50117993 170 0 0
-22.38729668 9.58872318 -2.49528599 170 0 0
-22.38233757 9.63762856 -2.47617197 170 0 0
-22.17740440 9.78172207 -2.49535298 170 0 0
-22.40108871 9.60736084 -2.47985601 170 0 0
-22.42803574 9.61901760 -2.46893096 170 0 0
-22.20403671 9.81826401 -2.48568511 170 0 0
-22.42363167 9.60234356 -2.47747898 170 0 0
-22.40942383 9.68534660 -2.45912004 170 0 0
-22.38737869 9.81225872 -2.46754408 170 0 0
-22.34686470 9.80688095 -2.47151089 170 0 0
-22.34418869 9.63193512 -2.49313307 170 0 0
-22.35886765 9.83703423 -2.47069693 170 0 0
-22.12454605 9.70612144 -2.50905609 170 0 0
-22.29490662 9.85176373 -2.47675109 170 0 0
-22.34126282 9.61835861 -2.50112104 170 0 0
-22.24257660 9.71104813 -2.50060010 170 0 0
-22.13136482 9.76133633 -2.50268412 170 0 0
-22.35600281 9.62477207 -2.49393392 170 0 0
-22.43259811 9.77187061 -2.46209192 170 0 0
-22.36370659 9.80185223 -2.47014093 170 0 0
-22.36181831 9.88823986 -2.47000504 170 0 0
-22.42316437 9.79585743 -2.46271706 170 0 0
-22.19378090 9.72089386 -2.50550008 170 0 0
-22.28492355 9.64328003 -2.50548601 170 0 0
-22.46054077 9.84445477 -2.45659804 170 0 0
-22.28740883 9.60725975 -2.51513195 170 0 0
-22.28219032 9.84063625 -2.47808003 170 0 0
-22.29783630 9.68604279 -2.49079609 170 0 0
-22.14981270 9.68336964 -2.51265597 170 0 0
-22.36285973 9.56562710 -2.51173902 170 0 0
-22.27502251 9.87474346 -2.47745204 170 0 0
-22.23489761 9.82303047 -2.48094511 170 0 0
-22.29482269 9.88353729 -2.47621202 170 0 0
-22.35917091 9.58918285 -2.50516295 170 0 0
-22.41035652 9.73521709 -2.45951009 170 0 0
-22.19349670 9.81357098 -2.48812509 170 0 0
-22.25111580 9.72500038 -2.49375296 170 0 0
-22.41151428 9.79831886 -2.46256804 170 0 0
-22.37509918 9.88047791 -2.47107196 170 0 0
-22.44316673 9.62237835 -2.46303701 170 0 0
-22.31172180 9.75452805 -2.47606897 170 0 0
-22.25380516 9.69140625 -2.50234604 170 0 0
-22.26275635 9.74517155 -2.48320293 170 0 0
-22.18512154 9.71097565 -2.50614405 170 0 0
-22.29705048 9.75505257 -2.47982311 170 0 0
-22.40329552 9.61453724 -2.47746611 170 0 0
-22.35465240 9.63649559 -2.48723888 170 0 0
-22.25210381 9.78165913 -2.48338199 170 0 0
-22.32294846 9.62409019 -2.50560188 170 0 0
-22.32918549 9.89881897 -2.47285390 170 0 0
-22.32992363 9.65072060 -2.49060798 170 0 0
-22.37348366 9.58273983 -2.50429797 170 0 0
-22.38279533 9.77261162 -2.46526909 170 0 0
-22.42443085 9.79085636 -2.46103311 170 0 0
-22.41194534 9.59939861 -2.48050809 170 0 0
-22.37710190 9.59695625 -2.49474406 170 0 0
-22.24667168 9.78668594 -2.48088789 170 0 0
-22.26254272 9.62140083 -2.51135612 170 0 0
-22.22399712 9.74061966 -2.49664807 170 0 0
-22.34118843 9.86677074 -2.47240710 170 0 0
-22.46256638 9.78225040 -2.45550108 170 0 0
-22.42227364 9.59129143 -2.48133707 170 0 0
-22.44404984 9.72444057 -2.45525694 170 0 0
-22.41398811 9.71136761 -2.45877790 170 0 0
-22.20452690 9.68254471 -2.50650811 170 0 0
-22.38141632 9.80152130 -2.46890402 170 0 0
-22.24016571 9.69811630 -2.50525188 170 0 0
-22.40703583 9.86222076 -2.46918893 170 0 0
-22.40764618 9.82117367 -2.46456289 170 0 0
-22.32437515 9.75806904 -2.47470498 170 0 0
-22.23202515 9.81841755 -2.48285890 170 0 0
-22.11049461 9.71493244 -2.50805998 170 0 0
-22.44910812 9.89558697 -2.46382499 170 0 0
-22.27339172 9.61385536 -2.51187301 170 0 0
-22.30777931 9.64105034 -2.50225306 170 0 0
-22.32731438 9.58761024 -2.51219296 170 0 0
-22.37301445 9.70662594 -2.46873403 170 0 0
-22.28735924 9.90496254 -2.47721195 170 0 0
-22.23189163 9.65721703 -2.51004004 170 0 0
-22.35583496 9.75846481 -2.47091699 170 0 0
-22.35439682 9.58547878 -2.50763893 170 0 0
-22.36579514 9.76515675 -2.46868992 170 0 0
-22.43673897 9.63335800 -2.46252489 170 0 0
-22.26242828 9.67054844 -2.50456905 170 0 0
-22.31203270 9.66736221 -2.49132609 170 0 0
-22.24412155 9.76161575 -2.48623896 170 0 0
-22.39372444 9.70253754 -2.46361899 170 0 0
-22.36623764 9.71595287 -2.46858597 170 0 0
-22.32818413 9.67440987 -2.48608589 170 0 0
-22.24918938 9.62771893 -2.51554394 170 0 0
-22.30822182 9.72802639 -2.47931409 170 0 0
-22.29386520 9.89556885 -2.47630000 170 0 0
-22.37122726 9.88008595 -2.46873903 170 0 0
-22.37260818 9.67155838 -2.47093701 170 0 0
-22.29996490 9.65696812 -2.50029993 170 0 0
-22.31070709 9.65452003 -2.49592590 170 0 0
-22.38362885 9.62413311 -2.48180699 170 0 0
-22.32011032 9.74512863 -2.47584105 170 0 0
-22.33680916 9.70310402 -2.47589493 170 0 0
-22.35104561 9.60995674 -2.50261998 170 0 0
-22.30620956 9.84521961 -2.47694302 170 0 0
-22.21498299 9.71197319 -2.50400400 170 0 0
-22.35547829 9.69898510 -2.47194195 170 0 0
-22.43131065 9.74263668 -2.45590091 170 0 0
-22.18815041 9.72030258 -2.50544405 170 0 0
-22.23713875 9.75853634 -2.48730397 170 0 0
-22.24594307 9.72558975 -2.49510098 170 0 0
-22.24366379 9.69089508 -2.50564504 170 0 0
-22.28623009 9.68095207 -2.49671292 170 0 0
-22.25141716 9.66726685 -2.50760508 170 0 0
-22.38190651 9.61127090 -2.48648691 170 0 0
-22.35432243 9.83412361 -2.47066402 170 0 0
-22.39393806 9.81071281 -2.46607900 170 0 0
-22.30789757 9.67819405 -2.48945594 170 0 0
-22.31170654 9.59292698 -2.51419997 170 0 0
-22.24281311 9.69928837 -2.50377893 170 0 0
-22.45770454 9.77593136 -2.45655107 170 0 0
-22.44144821 9.68641758 -2.45359206 170 0 0
-22.46755219 9.79727364 -2.45698404 170 0 0
-22.35124016 9.82112789 -2.47179198 170 0 0
-22.24304581 9.74905109 -2.48656011 170 0 0
-22.32733917 9.78588200 -2.47140598 170 0 0
-22.42804718 9.67767143 -2.45652008 170 0 0
-22.39714050 9.63002586 -2.47102594 170 0 0
-22.40268707 9.73186779 -2.46046591 170 0 0
-22.25131416 9.78957176 -2.48141789 170 0 0
-22.36750984 9.65549278 -2.47625709 170 0 0
-22.25324631 9.83773136 -2.48219609 170 0 0
-22.38113976 9.78189754 -2.46805692 170 0 0
-22.37691307 9.73339462 -2.46539688 170 0 0
-22.14367676 9.75483418 -2.50386596 170 0 0
-22.41200829 9.67366219 -2.45717692 170 0 0
-22.27005005 9.65601826 -2.50725102 170 0 0
-22.29484177 9.73404789 -2.48010206 170 0 0
-22.46000290 9.76966476 -2.45557404 170 0 0
-22.34184265 9.66148472 -2.48469591 170 0 0
-22.43690681 9.65992069 -2.45589089 170 0 0
-22.43840027 9.61084843 -2.46769810 170 0 0
-22.28969955 9.67021656 -2.49984288 170 0 0
-22.25172043 9.83941269 -2.48060989 170 0 0
-22.39184952 9.77659893 -2.46260095 170 0 0
-22.29241562 9.77078724 -2.47636008 170 0 0
-22.34030151 9.65223312 -2.48855305 170 0 0
-22.37360764 9.86830616 -2.46819401 170 0 0
-22.39250755 9.67800331 -2.46254492 170 0 0
-22.21054840 9.78443909 -2.48840690 170 0 0
-22.38649750 9.61325932 -2.48358703 170 0 0
-22.40788841 9.68961430 -2.46113300 170 0 0
-22.34663010 9.88150883 -2.47193909 170 0 0
-22.16438675 9.71438122 -2.50590611 170 0 0
-22.39013481 9.75113678 -2.46313405 170 0 0
-22.31156921 9.89833927 -2.47705412 170 0 0
-22.26328087 9.65869045 -2.50581288 170 0 0
-22.27363968 9.73779774 -2.48401189 170 0 0
-22.43265724 9.69494057 -2.45486903 170 0 0
-22.26895905 9.82228184 -2.47932291 170 0 0
-22.31935692 9.78264332 -2.47218895 170 0 0
-22.37367249 9.59545231 -2.49947810 170 0 0
-22.21815491 9.78780556 -2.48740196 170 0 0
-22.42183113 9.75815964 -2.46112990 170 0 0
-22.27249908 9.79892540 -2.47873402 170 0 0
-22.36071968 9.56469536 -2.51330304 170 0 0
-22.40437126 9.83219719 -2.46544909 170 0 0
-22.42426109 9.62964535 -2.46328306 170 0 0
-22.22924614 9.66877174 -2.50863695 170 0 0
-22.39189529 9.60336781 -2.48582101 170 0 0
-22.26041412 9.77670097 -2.48067188 170 0 0
-22.36482620 9.65313244 -2.47646189 170 0 0
-22.22523880 9.70344543 -2.50415611 170 0 0
-22.31821442 9.69351101 -2.48359799 170 0 0
-22.25804329 9.63160038 -2.50955701 170 0 0
-22.28661919 9.60693645 -2.51326799 170 0 0
-22.44562912 9.78768158 -2.45965600 170 0 0
-22.43893623 9.85978985 -2.46220708 170 0 0
-22.32927513 9.67833900 -2.48370194 170 0 0
-22.30061722 9.67598724 -2.49318099 170 0 0
-22.27329445 9.68802834 -2.49757695 170 0 0
-22.14801788 9.69467163 -2.51079011 170 0 0
-22.21758652 9.74988937 -2.49574900 170 0 0
-22.27960777 9.72682953 -2.48443007 170 0 0
-22.30613518 9.68968201 -2.48645306 170 0 0
-22.29581833 9.61095238 -2.50726104 170 0 0
-22.38902855 9.81564522 -2.46894193 170 0 0
-22.46137238 9.79732132 -2.45769691 170 0 0
-22.46288872 9.84991264 -2.45935297 170 0 0
-22.39236069 9.60049343 -2.48675394 170 0 0
-22.35213852 9.62452984 -2.49489093 170 0 0
-22.41804695 9.72627831 -2.45799088 170 0 0
-22.37194252 9.84465313 -2.46950197 170 0 0
-22.26198006 9.64552689 -2.50689411 170 0 0
-22.44121170 9.71137333 -2.45444202 170 0 0
-22.35821724 9.62574196 -2.49075103 170 0 0
-22.34864616 9.73298836 -2.47077107 170 0 0
-22.32120323 9.77060699 -2.47220492 170 0 0
-22.29726601 9.64863682 -2.50326800 170 0 0
-22.25439644 9.85570717 -2.48046398 170 0 0
-22.36264801 9.66499805 -2.47491693 170 0 0
-22.35101509 9.59785366 -2.50414896 170 0 0
-22.20409012 9.67661953 -2.50953197 170 0 0
-22.28669357 9.65628433 -2.50255394 170 0 0
-22.35146141 9.85850620 -2.47096491 170 0 0
-22.36154747 9.62719345 -2.48932004 170 0 0
-22.36717606 9.55519676 -2.51709390 170 0 0
-22.40914536 9.90895462 -2.46640205 170 0 0
-22.29689980 9.80886841 -2.47522402 170 0 0
-22.38848877 9.85418701 -2.46660495 170 0 0
-22.41044426 9.80329514 -2.46447611 170 0 0
-22.27696991 9.90032959 -2.47786903 170 0 0
-22.28879929 9.81878281 -2.47611594 170 0 0
-22.31818390 9.69494820 -2.48260307 170 0 0
-22.42372131 9.67873383 -2.45504403 170 0 0
-22.32556725 9.76061535 -2.47224593 170 0 0
-22.25372887 9.64193630 -2.50961804 170 0 0
-22.35598373 9.76085663 -2.46923590 170 0 0
-22.36770439 9.61627007 -2.49242997 170 0 0
-22.42709541 9.85078335 -2.46435595 170 0 0
-22.37706184 9.79512215 -2.46791196 170 0 0
-22.28431511 9.81679058 -2.47723293 170 0 0
-22.35952187 9.61365128 -2.49652290 170 0 0
-22.41738129 9.62571239 -2.46906400 170 0 0
-22.16065788 9.77428627 -2.50058293 170 0 0
-22.32756233 9.77340794 -2.47115588 170 0 0
-22.25011635 9.62974358 -2.51329088 170 0 0
-22.30327797 9.65127182 -2.50034904 170 0 0
-22.31966782 9.63392639 -2.50292397 170 0 0
-22.34433937 9.80329323 -2.47344899 170 0 0
-22.31020737 9.77861786 -2.47314501 170 0 0
-22.39535904 9.88840771 -2.46935296 170 0 0
-22.43976974 9.70401859 -2.45501709 170 0 0
-22.25713921 9.75526142 -2.48280096 170 0 0
-22.39945602 9.59399891 -2.48607898 170 0 0
-22.45639801 9.72980785 -2.45309806 170 0 0
-22.40177727 9.78974056 -2.46419406 170 0 0
-22.27429008 9.71313000 -2.48955989 170 0 0
-22.26013565 9.81837273 -2.48005891 170 0 0
-22.38116646 9.73526096 -2.46414590 170 0 0
-22.20611954 9.70808220 -2.50479388 170 0 0
-22.38740349 9.57620811 -2.50207400 170 0 0
-22.28088951 9.62937927 -2.50637197 170 0 0
-22.44322586 9.68810081 -2.45319009 170 0 0
-22.21266937 9.74797535 -2.49860406 170 0 0
-22.31449318 9.91705513 -2.47486091 170 0 0
-22.36299133 9.67071915 -2.47583008 170 0 0
-22.39452171 9.75253773 -2.46183300 170 0 0
-22.33617592 9.64063072 -2.49240899 170 0 0
-22.22643661 9.75380611 -2.49138308 170 0 0
-22.34110641 9.76742363 -2.47055888 170 0 0
-22.45604706 9.79224205 -2.45908999 170 0 0
-22.30752945 9.75267887 -2.47731805 170 0 0
-22.43558693 9.61484146 -2.46876907 170 0 0
-22.30802345 9.65334225 -2.49737406 170 0 0
-22.26430702 9.79530430 -2.47948503 170 0 0
-22.44440460 9.82208920 -2.46325898 170 0 0
-22.44273758 9.70750618 -2.45582294 170 0 0
-22.29539299 9.67270279 -2.49699998 170 0 0
-22.38073730 9.78481483 -2.46620297 170 0 0
-22.38743782 9.68223095 -2.46796489 170 0 0
-22.36619568 9.72871685 -2.46762109 170 0 0
-22.36733055 9.67467022 -2.47450995 170 0 0
-22.27084541 9.61273861 -2.51515293 170 0 0
-22.27670860 9.61525345 -2.51753712 170 0 0
-22.41345406 9.70564175 -2.46036196 170 0 0
-22.24940109 9.73927784 -2.48874807 170 0 0
-22.25932312 9.65695572 -2.50718498 170 0 0
-22.28944206 9.60583019 -2.51325607 170 0 0
-22.21340752 9.74803925 -2.49695492 170 0 0
-22.22289276 9.73551941 -2.49853611 170 0 0
-22.38766670 9.63857174 -2.47308397 170 0 0
-22.36771965 9.58025360 -2.50545812 170 0 0
-22.39763641 9.64289665 -2.46903396 170 0 0
-22.38742638 9.62404346 -2.47831297 170 0 0
-22.29890633 9.62493324 -2.50590110 170 0 0
-22.34500122 9.60734177 -2.50377488 170 0 0
-22.40883255 9.66006947 -2.46169400 170 0 0
-22.39570045 9.71720695 -2.46423602 170 0 0
-22.25869751 9.84251404 -2.47953010 170 0 0
-22.36679268 9.69443893 -2.47250199 170 0 0
-22.10898781 9.71452427 -2.50979090 170 0 0
-22.34720039 9.63325119 -2.49168706 170 0 0
-22.34848213 9.67101479 -2.47734308 170 0 0
-22.30331612 9.67619038 -2.49067807 170 0 0
-22.43395615 9.78257561 -2.46016693 170 0 0
-22.31847382 9.79959202 -2.47415304 170 0 0
-22.14973450 9.69543934 -2.50916100 170 0 0
-22.31789970 9.59562302 -2.51141405 170 0 0
-22.20035744 9.70554638 -2.50601101 170 0 0
-22.20120621 9.80474281 -2.48816895 170 0 0
-22.22981644 9.66101837 -2.51099610 170 0 0
-22.40567589 9.69592953 -2.45915604 170 0 0
-22.28005791 9.88561440 -2.47744393 170 0 0
-22.36526489 9.74025822 -2.46746898 170 0 0
-22.35446358 9.79806232 -2.47102499 170 0 0
-22.41039467 9.72649860 -2.46255207 170 0 0
-22.33537483 9.84662533 -2.47516990 170 0 0
-22.44129753 9.64914608 -2.45686412 170 0 0
-22.31666565 9.85744381 -2.47531295 170 0 0
-22.38337898 9.67954063 -2.46718502 170 0 0
-22.38188553 9.82229805 -2.46837592 170 0 0
-22.17532349 9.79326344 -2.49413395 170 0 0
-22.25412369 9.66692448 -2.50550199 170 0 0
-22.14564705 9.71820831 -2.50529599 170 0 0
-22.38851929 9.83757305 -2.46709490 170 0 0
-22.39889526 9.68625546 -2.46134996 170 0 0
-22.33934021 9.61751461 -2.50460410 170 0 0
-22.30717468 9.60360241 -2.50973392 170 0 0
-22.26973343 9.78522015 -2.47837400 170 0 0
-22.23738098 9.78341007 -2.48344302 170 0 0
-22.29128647 9.69593716 -2.48895192 170 0 0
-22.44332314 9.61297417 -2.46480393 170 0 0
-22.11405945 9.71651363 -2.50665903 170 0 0
-22.19976616 9.75428200 -2.49883389 170 0 0
-22.35290146 9.57385731 -2.51092005 170 0 0
-22.27566910 9.90014458 -2.47982597 170 0 0
-22.37554741 9.81949997 -2.46928096 170 0 0
-22.32813454 9.68704033 -2.48118401 170 0 0
-22.24946785 9.70669460 -2.49995208 170 0 0
-22.37663269 9.59165478 -2.49927092 170 0 0
-22.35385513 9.89715481 -2.46987510 170 0 0
-22.33919525 9.91575336 -2.47262907 170 0 0
-22.44314384 9.77375889 -2.45862103 170 0 0
-22.32816505 9.62494469 -2.50375295 170 0 0
-22.40753746 9.82415009 -2.46618605 170 0 0
-22.42600441 9.69826603 -2.45855999 170 0 0
-22.30748177 9.76801205 -2.47536397 170 0 0
-22.26128769 9.64196205 -2.50898194 170 0 0
-22.38194084 9.89717007 -2.46873903 170 0 0
-22.21618271 9.78373718 -2.48868608 170 0 0
-22.41228485 9.68610382 -2.45768809 170 0 0
-22.26943779 9.71351528 -2.49115300 170 0 0
-22.35342216 9.64815903 -2.48224306 170 0 0
-22.33673477 9.69286633 -2.47898006 170 0 0
-22.41663361 9.68446827 -2.45863199 170 0 0
-22.32014465 9.70857143 -2.47999310 170 0 0
-22.36362076 9.77322292 -2.47057891 170 0 0
-22.32151413 9.76346970 -2.47479892 170 0 0
-22.46636963 9.80944443 -2.45887709 170 0 0
-22.41689491 9.70080090 -2.45862699 170 0 0
-22.43480492 9.78914070 -2.46068597 170 0 0
-22.29876518 9.77358627 -2.47525501 170 0 0
-22.45760345 9.84315109 -2.45801806 170 0 0
-22.26888657 9.83474541 -2.47992206 170 0 0
-22.33611870 9.82699299 -2.47341609 170 0 0
-22.27091026 9.76132870 -2.47915602 170 0 0
-22.25561905 9.74201488 -2.48589993 170 0 0
-22.35553741 9.74826717 -2.46899605 170 0 0
-22.37989998 9.59514427 -2.49617290 170 0 0
-22.37033653 9.57582760 -2.50653005 170 0 0
-22.25782013 9.68124771 -2.50297093 170 0 0
-22.21992874 9.77492523 -2.48866701 170 0 0
-22.31802559 9.71957111 -2.47965193 170 0 0
-22.20550728 9.68545628 -2.50610089 170 0 0
-22.29515457 9.90775776 -2.47765088 170 0 0
-22.13391876 9.71331406 -2.50582004 170 0 0
-22.43332291 9.63355160 -2.46240211 170 0 0
-22.43746948 9.73006916 -2.45741510 170 0 0
-22.24543381 9.84900761 -2.48062611 170 0 0
-22.17622948 9.68246460 -2.51093793 170 0 0
-22.41139221 9.88501930 -2.46540189 170 0 0
-22.21773911 9.70065308 -2.50495005 170 0 0
-22.19002914 9.67615700 -2.51374292 170 0 0
-22.24787712 9.71339512 -2.49771595 170 0 0
-22.28641129 9.85480022 -2.47740102 170 0 0
-22.33344841 9.83850002 -2.47406697 170 0 0
-22.39667702 9.61768055 -2.47772503 170 0 0
-22.21065712 9.80893326 -2.48741293 170 0 0
-22.30112648 9.68748856 -2.48937511 170 0 0
-22.30116844 9.88636589 -2.47513890 170 0 0
-22.34236145 9.57895374 -2.51385808 170 0 0
-22.35974312 9.70085239 -2.47067595 170 0 0
-22.13699532 9.68983078 -2.51136708 170 0 0
-22.36112022 9.66744518 -2.47868490 170 0 0
-22.43526459 9.73378086 -2.45471907 170 0 0
-22.42969513 9.75360298 -2.45821404 170 0 0
-22.38700485 9.73781681 -2.46298790 170 0 0
-22.34370041 9.83034515 -2.47250009 170 0 0
-22.35995865 9.66381836 -2.47642207 170 0 0
-22.41145706 9.62409592 -2.46879101 170 0 0
-22.31892586 9.86922646 -2.47401404 170 0 0
-22.42583084 9.65513611 -2.45803094 170 0 0
-22.09808159 9.69750690 -2.51417899 170 0 0
-22.24129486 9.85974312 -2.48068190 170 0 0
-22.30130005 9.81164265 -2.47479105 170 0 0
-22.36063576 9.57720375 -2.50646996 170 0 0
-22.22558212 9.74027348 -2.49706292 170 0 0
-22.13836670 9.69039726 -2.51686597 170 0 0
-22.30190659 9.86166763 -2.47551894 170 0 0
-22.24167442 9.86310577 -2.48216605 170 0 0
-22.16544533 9.70003796 -2.50978494 170 0 0
-22.19673347 9.67911339 -2.50924611 170 0 0
-22.11252403 9.69157124 -2.51237202 170 0 0
-22.39583588 9.60509205 -2.48270011 170 0 0
-22.36616325 9.71426582 -2.47021103 170 0 0
-22.37888527 9.70669365 -2.46858311 170 0 0
-22.44033813 9.89781761 -2.46351004 170 0 0
-22.30371666 9.69357967 -2.48715305 170 0 0
-22.33606529 9.91055107 -2.47272801 170 0 0
-22.34521866 9.62007904 -2.49985290 170 0 0
-22.31128883 9.69193554 -2.48539901 170 0 0
-22.26880264 9.72259712 -2.48936391 170 0 0
-22.40728378 9.65087128 -2.46500301 170 0 0
-22.37374878 9.76864624 -2.46777606 170 0 0
-22.22910881 9.69327927 -2.50586200 170 0 0
-22.32201576 9.64725208 -2.49678612 170 0 0
-22.26734543 9.75975037 -2.48056507 170 0 0
-22.23221016 9.79377460 -2.48199892 170 0 0
-22.40454292 9.60885906 -2.47845793 170 0 0
-22.46458435 9.77167606 -2.45418811 170 0 0
-22.41962051 9.86358929 -2.46345997 170 0 0
-22.18571854 9.77343464 -2.49623299 170 0 0
-22.21554375 9.72434139 -2.50254703 170 0 0
-22.29545212 9.72242355 -2.48152995 170 0 0
-22.28161812 9.76416588 -2.48089504 170 0 0
-22.28627968 9.71839142 -2.48562098 170 0 0
-22.18191147 9.75884342 -2.50210309 170 0 0
-22.26711655 9.62339401 -2.51023412 170 0 0
-22.27854347 9.70226097 -2.49271393 170 0 0
-22.37345314 9.85618687 -2.46796298 170 0 0
-22.36419487 9.73466015 -2.47005010 170 0 0
-22.43099594 9.62030411 -2.46566296 170 0 0
-22.26466942 9.75399971 -2.48111701 170 0 0
-22.45648193 9.82999897 -2.45939803 170 0 0
-22.44926071 9.72312069 -2.45537305 170 0 0
-22.38625908 9.72469902 -2.46387100 170 0 0
-22.12693024 9.69791698 -2.50870299 170 0 0
-22.31941223 9.65831947 -2.49154401 170 0 0
-22.34133148 9.75444412 -2.47103691 170 0 0
-22.36717987 9.61697674 -2.49216104 170 0 0
-22.19414139 9.78915405 -2.49019003 170 0 0
-22.28426743 9.79162216 -2.47658205 170 0 0
-22.44709396 9.83934307 -2.46432590 170 0 0
-22.27265358 9.86110783 -2.47666097 170 0 0
-22.41540146 9.60089684 -2.47908306 170 0 0
-22.31104088 9.71651173 -2.48054790 170 0 0
-22.36963844 9.55628300 -2.51208496 170 0 0
-22.33007622 9.90627861 -2.47464991 170 0 0
-22.35385895 9.63613701 -2.48893189 170 0 0
-22.46005630 9.83158112 -2.45794106 170 0 0
-22.40787697 9.75837040 -2.45991492 170 0 0
-22.27355385 9.70005512 -2.49582911 170 0 0
-22.24661255 9.82259941 -2.48274994 170 0 0
-22.33386230 9.71457100 -2.47632194 170 0 0
-22.29456711 9.70928860 -2.48567796 170 0 0
-22.27535248 9.62697029 -2.50754690 170 0 0
-22.38700294 9.66276932 -2.46836495 170 0 0
-22.38745689 9.58880997 -2.49349999 170 0 0
-22.28042984 9.82735729 -2.47704291 170 0 0
-22.41427803 9.65012932 -2.46192002 170 0 0
-22.30033684 9.79105282 -2.47666097 170 0 0
-22.41991043 9.85139656 -2.46537805 170 0 0
-22.34432793 9.89813614 -2.47328305 170 0 0
-22.11731339 9.69368553 -2.51127601 170 0 0
-22.30042839 9.69992924 -2.48657799 170 0 0
-22.30839539 9.66576862 -2.49265099 170 0 0
-22.32159424 9.73387337 -2.47745395 170 0 0
-22.33595848 9.61617470 -2.50403404 170 0 0
-22.23220062 9.74424839 -2.49239898 170 0 0
-22.39008713 9.87191296 -2.47003198 170 0 0
-22.23676300 9.72154427 -2.49932909 170 0 0
-22.29644775 9.84696484 -2.47602296 170 0 0
-22.26538277 9.68457127 -2.50039911 170 0 0
-22.24209213 9.80652428 -2.48352289 170 0 0
-22.36539078 9.61619091 -2.49370599 170 0 0
-22.32676315 9.64932060 -2.49377489 170 0 0
-22.23042107 9.76784992 -2.48814297 170 0 0
-22.19816208 9.79442310 -2.49128604 170 0 0
-22.38784027 9.58490562 -2.49711490 170 0 0
-22.27437019 9.88689995 -2.47758007 170 0 0
-22.18060875 9.77116680 -2.49734807 170 0 0
-22.35295105 9.74126339 -2.47208500 170 0 0
-22.32977295 9.91155434 -2.47319698 170 0 0
-22.25709915 9.71745491 -2.49332309 170 0 0
-22.40740013 9.84588528 -2.46556807 170 0 0
-22.22846222 9.75731564 -2.49114990 170 0 0
-22.38156891 9.79711056 -2.46656609 170 0 0
-22.31510544 9.79291153 -2.47313690 170 0 0
-22.38086700 9.62292862 -2.48316002 170 0 0
-22.45902443 9.83253193 -2.46014190 170 0 0
-22.26785660 9.63586235 -2.50706291 170 0 0
-22.20129967 9.80809879 -2.48799491 170 0 0
-22.43559265 9.59705639 -2.47399211 170 0 0
-22.39716721 9.59300232 -2.48925400 170 0 0
-22.32493210 9.73772335 -2.47561789 170 0 0
-22.22516632 9.72856903 -2.50017595 170 0 0
-22.33359718 9.88815403 -2.47284794 170 0 0
-22.39559174 9.76871872 -2.46130991 170 0 0
-22.24278641 9.81070614 -2.48160005 170 0 0
-22.35982513 9.73787308 -2.46862888 170 0 0
-22.21350861 9.79772758 -2.48710203 170 0 0
-22.40876007 9.70908642 -2.46003199 170 0 0
-22.41337776 9.82370186 -2.46337390 170 0 0
-22.25237274 9.74311256 -2.48747897 170 0 0
-22.37758446 9.58452988 -2.49952602 170 0 0
-22.36730766 9.90312576 -2.46962810 170 0 0
-22.41615105 9.72314930 -2.45894408 170 0 0
-22.40419197 9.74532604 -2.45966601 170 0 0
-22.33619118 9.60353756 -2.50625706 170 0 0
-22.19952393 9.66765404 -2.51228809 170 0 0
-22.28591919 9.69356918 -2.49193692 170 0 0
-22.40338135 9.86940289 -2.46594405 170 0 0
-22.31472778 9.87758160 -2.47476101 170 0 0
-22.26733589 9.61927795 -2.51272106 170 0 0
-22.35438156 9.57450771 -2.50928402 170 0 0
-22.18516922 9.76029301 -2.50064397 170 0 0
-22.24772835 9.68874264 -2.50358391 170 0 0
-22.30879784 9.70360279 -2.48216295 170 0 0
-22.44477654 9.67564678 -2.45357490 170 0 0
-22.37874031 9.58500862 -2.50145888 170 0 0
-22.28039551 9.75266266 -2.47986007 170 0 0
-22.28435516 9.74251556 -2.48009896 170 0 0
-22.33321381 9.61637497 -2.50375199 170 0 0
-22.39192009 9.61562157 -2.47882795 170 0 0
-22.36516380 9.56662941 -2.50846505 170 0 0
-22.23613167 9.67648888 -2.50870299 170 0 0
-22.34459877 9.59508133 -2.50521803 170 0 0
-22.43593216 9.60977459 -2.46923590 170 0 0
-22.27244949 9.67491627 -2.50221801 170 0 0
-22.32681656 9.74807358 -2.47479701 170 0 0
-22.29745483 9.66097927 -2.50029993 170 0 0
-22.38510895 9.56688690 -2.50533700 170 0 0
-22.34923935 9.70484543 -2.47522211 170 0 0
-22.42021561 9.88892841 -2.46464205 170 0 0
-22.11701584 9.70586491 -2.50916100 170 0 0
-22.26400375 9.88228226 -2.47819996 170 0 0
-22.45178032 9.81595421 -2.46167302 170 0 0
-22.19278526 9.76289558 -2.49695206 170 0 0
-22.21482849 9.81079102 -2.48624301 170 0 0
-22.46342659 9.82107925 -2.45780206 170 0 0
-22.39962387 9.74332237 -2.46088505 170 0 0
-22.39751244 9.71732044 -2.46263099 170 0 0
-22.25775909 9.76764965 -2.48080111 170 0 0
-22.43052673 9.74400997 -2.45666409 170 0 0
-22.18013954 9.69669342 -2.50727510 170 0 0
-22.24135971 9.79782104 -2.48124290 170 0 0
-22.20074844 9.69272232 -2.50665689 170 0 0
-22.22929192 9.83275795 -2.48315907 170 0 0
-22.39967346 9.85478115 -2.46634102 170 0 0
-22.32898712 9.81222820 -2.47448897 170 0 0
-22.19214630 9.76339531 -2.49615097 170 0 0
-22.39249039 9.81451511 -2.46629000 170 0 0
-22.42206573 9.64082718 -2.46165395 170 0 0
-22.44343567 9.66858578 -2.45557594 170 0 0
-22.45578766 9.86722660 -2.45887995 170 0 0
-22.22945786 9.70530415 -2.50277090 170 0 0
-22.22717667 9.76640701 -2.48950505 170 0 0
-22.20649910 9.71325302 -2.50609493 170 0 0
-22.34032249 9.76762676 -2.47187901 170 0 0
-22.41477585 9.64643574 -2.46200705 170 0 0
-22.29132652 9.81544018 -2.47708297 170 0 0
-22.31288338 9.80422688 -2.47452307 170 0 0
-22.28066063 9.72782421 -2.48363495 170 0 0
-22.33376312 9.90058231 -2.47173691 170 0 0
-22.36972427 9.80829144 -2.47097301 170 0 0
-22.23619843 9.71463871 -2.50166988 170 0 0
-22.30572128 9.64014339 -2.50381994 170 0 0
-22.24126816 9.84714794 -2.48180103 170 0 0
-22.29886055 9.76077843 -2.47669792 170 0 0
-22.37581825 9.74677658 -2.46590996 170 0 0
-22.30189514 9.83658123 -2.47597289 170 0 0
-22.34724617 9.72544479 -2.47281504 170 0 0
-22.44376373 9.87926579 -2.46248007 170 0 0
-22.28422737 9.64746857 -2.50585294 170 0 0
-22.24079704 9.77244091 -2.48400092 170 0 0
-22.26245308 9.70791912 -2.49528098 170 0 0
-22.44959450 9.79994869 -2.46189809 170 0 0
-22.28491783 9.70506954 -2.48822403 170 0 0
-22.30178261 9.75014973 -2.47839403 170 0 0
-22.23086166 9.82035065 -2.48528099 170 0 0
-22.26906395 9.75242043 -2.48230100 170 0 0
-22.33339310 9.79087734 -2.47282910 170 0 0
-22.29287910 9.70008278 -2.48931193 170 0 0
-22.23336792 9.76916027 -2.48665905 170 0 0
-22.30099106 9.60241318 -2.51101995 170 0 0
-22.27354813 9.67541027 -2.50055599 170 0 0
-22.19720078 9.66662502 -2.51368690 170 0 0
-22.16201210 9.73762989 -2.50507307 170 0 0
-22.31737328 9.80621624 -2.47320008 170 0 0
-22.43545151 9.60955238 -2.47090006 170 0 0
-22.43269348 9.90486813 -2.46480298 170 0 0
-22.43572426 9.87068939 -2.46164894 170 0 0
-22.33092880 9.58917809 -2.50911689 170 0 0
-22.38797379 9.61390972 -2.48196197 170 0 0
-22.42559433 9.87119389 -2.46477008 170 0 0
-22.35511971 9.91006470 -2.47056389 170 0 0
-22.38690567 9.57601166 -2.50021291 170 0 0
-22.28118515 9.69149399 -2.49487710 170 0 0
-22.23746300 9.84695339 -2.48315310 170 0 0
-22.33931923 9.66699982 -2.48333907 170 0 0
-22.19265366 9.75114059 -2.50142694 170 0 0
-22.42346191 9.65409946 -2.45948696 170 0 0
-22.24517250 9.63817883 -2.51566792 170 0 0
-22.40393639 9.67014503 -2.46152592 170 0 0
-22.35707092 9.61258125 -2.49808002 170 0 0
-22.42480850 9.73745632 -2.45899892 170 0 0
-22.35851479 9.77506733 -2.46896410 170 0 0
-22.42838287 9.84276676 -2.46293211 170 0 0
-22.30356789 9.63579273 -2.50585699 170 0 0
-22.34615135 9.64497089 -2.48829889 170 0 0
-22.26848984 9.80980396 -2.47906303 170 0 0
-22.41283417 9.87358284 -2.46527600 170 0 0
-22.29404259 9.75865269 -2.47799802 170 0 0
-22.15441132 9.74458504 -2.50545502 170 0 0
-22.38770485 9.87454033 -2.46793890 170 0 0
-22.16772842 9.78989410 -2.49509192 170 0 0
-22.21428490 9.76574612 -2.49240899 170 0 0
-22.39336777 9.82735252 -2.46601391 170 0 0
-22.41968727 9.81716442 -2.46422005 170 0 0
-22.25715256 9.73054123 -2.48922706 170 0 0
-22.21523094 9.77361584 -2.48979998 170 0 0
-22.38722610 9.70178795 -2.46578598 170 0 0
-22.28133583 9.80282784 -2.47779489 170 0 0
-22.16256714 9.68897820 -2.51053405 170 0 0
-22.23491478 9.79181194 -2.48391199 170 0 0
-22.40020752 9.76782799 -2.46153092 170 0 0
-22.27622223 9.63949871 -2.50635409 170 0 0
-22.23960304 9.82178116 -2.48206496 170 0 0
-22.17140198 9.71558666 -2.50717092 170 0 0
-22.30065727 9.87353897 -2.47440910 170 0 0
-22.32305908 9.58536053 -2.51666188 170 0 0
-22.23079109 9.65672302 -2.51169801 170 0 0
-22.36008263 9.87514782 -2.47093201 170 0 0
-22.34564209 9.82233334 -2.47483110 170 0 0
-22.25456047 9.85306644 -2.47984099 170 0 0
-22.25380707 9.73466301 -2.49296403 170 0 0
-22.40869331 9.67221546 -2.45846105 170 0 0
-22.13222313 9.69571590 -2.50986910 170 0 0
-22.44994736 9.85734367 -2.46108198 170 0 0
-22.32085419 9.68386459 -2.48394799 170 0 0
-22.17693520 9.78793907 -2.49529505 170 0 0
-22.41309929 9.58898640 -2.48653889 170 0 0
-22.33474541 9.63999653 -2.49406695 170 0 0
-22.22239876 9.83877754 -2.48316503 170 0 0
-22.39430809 9.57921219 -2.49577188 170 0 0
-22.22612190 9.79698944 -2.48655510 170 0 0
-22.34333420 9.71870708 -2.47381091 170 0 0
-22.28771591 9.60742569 -2.51177692 170 0 0
-22.28933525 9.89228058 -2.47826910 170 0 0
-22.17467880 9.73123169 -2.50515509 170 0 0
-22.26016617 9.86812496 -2.47934890 170 0 0
-22.42119026 9.89212132 -2.46664500 170 0 0
-22.43417931 9.73329258 -2.45616508 170 0 0
-22.21501923 9.73665237 -2.49916792 170 0 0
-22.34851456 9.83903885 -2.47352600 170 0 0
-22.18809891 9.78647232 -2.49130392 170 0 0
-22.22839546 9.77943993 -2.48598504 170 0 0
-22.41009712 9.89840412 -2.46865797 170 0 0
-22.16296959 9.77532291 -2.49921489 170 0 0
-22.37836456 9.69630146 -2.46891594 170 0 0
-22.31335258 9.74542522 -2.47904301 170 0 0
-22.19896126 9.77486134 -2.49357700 170 0 0
-22.18699837 9.68719959 -2.50690603 170 0 0
-22.41242218 9.78559589 -2.46151209 170 0 0
-22.43589592 9.75914669 -2.45792007 170 0 0
-22.41356087 9.58753109 -2.48556495 170 0 0
-22.29857445 9.82310581 -2.47533798 170 0 0
-22.34443283 9.71920109 -2.47221708 170 0 0
-22.26546860 9.62836075 -2.50888610 170 0 0
-22.43632698 9.80758095 -2.46353197 170 0 0
-22.26642227 9.71586418 -2.49257302 170 0 0
-22.23666763 9.73365402 -2.49435401 170 0 0
-22.43750191 9.83429146 -2.46269989 170 0 0
-22.32224464 9.65300465 -2.49301004 170 0 0
-22.20218086 9.68150520 -2.50809312 170 0 0
-22.38737106 9.62577629 -2.47691607 170 0 0
-22.33240700 9.68890953 -2.47983599 170 0 0
-22.31428146 9.70619774 -2.48328710 170 0 0
-22.35975456 9.56305408 -2.51576495 170 0 0
-22.44251633 9.63751698 -2.46007204 170 0 0
-22.45053482 9.85251999 -2.46020007 170 0 0
-22.24231148 9.66028118 -2.50806189 170 0 0
-22.36269569 9.56552315 -2.51713395 170 0 0
-22.29755974 9.61168575 -2.50923300 170 0 0
-22.44052124 9.62442303 -2.46330690 170 0 0
-22.30290794 9.88437843 -2.47700310 170 0 0
-22.41178894 9.61198330 -2.47566700 170 0 0
-22.43084526 9.66960812 -2.45546699 170 0 0
-22.37927246 9.63492489 -2.47739410 170 0 0
-22.38525391 9.91252422 -2.46982408 170 0 0
-22.27392960 9.75007915 -2.48098612 170 0 0
-22.44082260 9.87294865 -2.46053290 170 0 0
-22.37442589 9.55834389 -2.51077509 170 0 0
-22.26533890 9.69718647 -2.49919701 170 0 0
-22.26549530 9.83058357 -2.48047900 170 0 0
-22.38656235 9.88687515 -2.46859908 170 0 0
-22.35140419 9.62277603 -2.49522305 170 0 0
-22.41088486 9.89764786 -2.46592903 170 0 0
-22.31446838 9.59413147 -2.51285601 170 0 0
-22.43887329 9.64808655 -2.45817590 170 0 0
-22.27020836 9.72322655 -2.48774004 170 0 0
-22.13575554 9.70180130 -2.50790501 170 0 0
-22.27676773 9.63251781 -2.50811791 170 0 0
-22.29153061 9.83199406 -2.47646403 170 0 0
-22.37048721 9.64338875 -2.47859812 170 0 0
-22.38381767 9.56239033 -2.50653696 170 0 0
-22.26276016 9.78213978 -2.47950292 170 0 0
-22.39607430 9.65752602 -2.46712208 170 0 0
-22.35907555 9.63841915 -2.48439598 170 0 0
-22.38300514 9.56202698 -2.50812507 170 0 0
-22.36396790 9.69003010 -2.47247100 170 0 0
-22.24814606 9.70414066 -2.50010204 170 0 0
-22.17533112 9.69457531 -2.50835705 170 0 0
-22.22874260 9.73015213 -2.49874806 170 0 0
-22.40205574 9.75072479 -2.46318293 170 0 0
-22.31464958 9.74272919 -2.47702193 170 0 0
-22.35207939 9.57348824 -2.51262903 170 0 0
-22.14105034 9.74081898 -2.50451398 170 0 0
-22.28146935 9.61737537 -2.50757599 170 0 0
-22.23469543 9.77279568 -2.48597789 170 0 0
-22.36144638 9.67665768 -2.47517490 170 0 0
-22.28020859 9.61681271 -2.51082611 170 0 0
-22.37232018 9.71861172 -2.46770406 170 0 0
-22.38145065 9.67317390 -2.46832800 170 0 0
-22.24208260 9.64944363 -2.51053596 170 0 0
-22.11096382 9.70319176 -2.51030993 170 0 0
-22.25168037 9.64103222 -2.51102591 170 0 0
-22.43752670 9.84679604 -2.46215796 170 0 0
-22.38103294 9.68519974 -2.46689796 170 0 0
-22.34536171 9.69458008 -2.47431397 170 0 0
-22.41475105 9.85783100 -2.46630001 170 0 0
-22.38039017 9.62823582 -2.48150301 170 0 0
-22.32265854 9.84575367 -2.47470999 170 0 0
-22.41897964 9.63948345 -2.46297693 170 0 0
-22.18712425 9.77407074 -2.49453902 170 0 0
-22.40471268 9.65826035 -2.46481204 170 0 0
-22.31751251 9.68535137 -2.48578310 170 0 0
-22.19346237 9.68304253 -2.50946212 170 0 0
-22.25590134 9.61851406 -2.51406097 170 0 0
-22.17253113 9.76759434 -2.50001001 170 0 0
-22.28828430 9.68186092 -2.49499512 170 0 0
-22.32834625 9.67449665 -2.48428512 170 0 0
-22.45420837 9.84164619 -2.46104503 170 0 0
-22.34652328 9.65794468 -2.48372412 170 0 0
-22.29868507 9.78567410 -2.47476792 170 0 0
-22.28570557 9.79963017 -2.47770596 170 0 0
-22.21158218 9.80557156 -2.48774290 170 0 0
-22.43979454 9.88550854 -2.46137309 170 0 0
-22.24792862 9.76496029 -2.48431492 170 0 0
-22.24096680 9.74352741 -2.48922205 170 0 0
-22.32019424 9.65864086 -2.49347711 170 0 0
-22.42274094 9.70334721 -2.45750999 170 0 0
-22.36511040 9.90563011 -2.47165108 170 0 0
-22.27907562 9.65296745 -2.50535607 170 0 0
-22.32291031 9.70108318 -2.48050094 170 0 0
-22.41866493 9.65336704 -2.46175909 170 0 0
-22.40751266 9.62238503 -2.47193003 170 0 0
-22.25234413 9.75314331 -2.48399401 170 0 0
-22.12336731 9.74587345 -2.50334311 170 0 0
-22.31734467 9.91354942 -2.47645998 170 0 0
-22.31391907 9.76740265 -2.47306490 170 0 0
-22.30934143 9.90246964 -2.47446799 170 0 0
-22.40422249 9.59605789 -2.48489094 170 0 0
-22.45378113 9.85396194 -2.45886397 170 0 0
-22.15703201 9.78513718 -2.49917603 170 0 0
-22.29552650 9.64790058 -2.50132704 170 0 0
-22.21797562 9.82444286 -2.48373699 170 0 0
-22.35812187 9.67520332 -2.47665691 170 0 0
-22.37947464 9.69679928 -2.46721601 170 0 0
-22.28432846 9.85788631 -2.47907996 170 0 0
-22.41979218 9.86364841 -2.46506310 170 0 0
-22.43259811 9.85698795 -2.46325397 170 0 0
-22.41953087 9.76346111 -2.45942712 170 0 0
-22.42365074 9.69103241 -2.45561290 170 0 0
-22.35558701 9.71131039 -2.47098088 170 0 0
-22.22833443 9.79205036 -2.48334098 170 0 0
-22.31657410 9.85586929 -2.47483706 170 0 0
-22.25535774 9.63042068 -2.51099896 170 0 0
-22.16742516 9.70319843 -2.50771499 170 0 0
-22.17964172 9.74539089 -2.50366998 170 0 0
-22.36443901 9.79779243 -2.47037697 170 0 0
-22.16354179 9.78802776 -2.49642992 170 0 0
-22.32335281 9.66004086 -2.49033189 170 0 0
-22.38770294 9.62590122 -2.48051095 170 0 0
-22.32922173 9.72446346 -2.47735190 170 0 0
-22.24319649 9.64994431 -2.50884700 170 0 0
-22.34623528 9.68229675 -2.47755909 170 0 0
-22.40032959 9.64407444 -2.46752596 170 0 0
-22.29495621 9.80883598 -2.47583699 170 0 0
-22.25756836 9.82973099 -2.48057008 170 0 0
-22.33928680 9.80353928 -2.47227502 170 0 0
-22.42286301 9.74066544 -2.45754290 170 0 0
-22.28922653 9.69502354 -2.49059391 170 0 0
-22.36543655 9.59188747 -2.50219703 170 0 0
-22.10948563 9.69582939 -2.51257801 170 0 0
-22.30174446 9.66287136 -2.49539208 170 0 0
-22.31092644 9.72752857 -2.48039699 170 0 0
-22.30967712 9.89015484 -2.47430491 170 0 0
-22.45449638 9.77871895 -2.45800996 170 0 0
-22.25463676 9.79915047 -2.48188591 170 0 0
-22.32970238 9.63909435 -2.49776101 170 0 0
-22.27426338 9.67424583 -2.50080109 170 0 0
-22.40001297 9.63613033 -2.46996593 170 0 0
-22.39004517 9.63961315 -2.47154307 170 0 0
-22.43501854 9.69291019 -2.45607710 170 0 0
-22.40911102 9.58561134 -2.48688197 170 0 0
-22.38974190 9.79671192 -2.46601200 170 0 0
-22.46594620 9.82852745 -2.45701098 170 0 0
-22.28457069 9.71766281 -2.48365903 170 0 0
-22.36849785 9.63535118 -2.48338103 170 0 0
-22.19999313 9.77977276 -2.49080110 170 0 0
-22.42594719 9.75480366 -2.45871592 170 0 0
-22.43229294 9.88576412 -2.46440411 170 0 0
-22.30623436 9.73903942 -2.47949910 170 0 0
-22.11111641 9.69093704 -2.51408291 170 0 0
-22.35480309 9.61158943 -2.50120997 170 0 0
-22.32937813 9.72454739 -2.47561407 170 0 0
-22.20116615 9.75491428 -2.49718094 170 0 0
-22.30273819 9.76249313 -2.47537804 170 0 0
-22.31564903 9.88019085 -2.47442198 170 0 0
-22.22420883 9.77758217 -2.48734689 170 0 0
-22.15486145 9.76337528 -2.50340199 170 0 0
-22.19045830 9.67880344 -2.51514697 170 0 0
-22.38750076 9.68801594 -2.46595311 170 0 0
-22.39652824 9.87844753 -2.46718311 170 0 0
-22.23225975 9.69774055 -2.50537992 170 0 0
-22.33222389 9.61443424 -2.50542688 170 0 0
-22.27102089 9.71168804 -2.49096799 170 0 0
-22.30121040 9.72495174 -2.48039389 170 0 0
-22.11024666 9.72723675 -2.50630093 170 0 0
-22.45793915 9.80551815 -2.45963407 170 0 0
-22.46833038 9.79763126 -2.45528197 170 0 0
-22.21216011 9.75977707 -2.49312091 170 0 0
-22.29266930 9.68378162 -2.49200702 170 0 0
-22.25061607 9.70270729 -2.50099492 170 0 0
-22.27879715 9.71511173 -2.48837090 170 0 0
-22.14081573 9.76552010 -2.50196290 170 0 0
-22.39239120 9.59094048 -2.49053001 170 0 0
-22.17106628 9.68017673 -2.51567888 170 0 0
-22.40337372 9.58312416 -2.49135590 170 0 0
-22.19290733 9.74056435 -2.50553608 170 0 0
-22.32575035 9.66094685 -2.48974490 170 0 0
-22.39803505 9.68040943 -2.46142602 170 0 0
-22.12766457 9.68573093 -2.51391912 170 0 0
-22.42605972 9.65931034 -2.45797610 170 0 0
-22.37053871 9.59409237 -2.50098896 170 0 0
-22.46730614 9.82279205 -2.45650101 170 0 0
-22.41303062 9.87834072 -2.46648097 170 0 0
-22.20130157 9.73555374 -2.50266194 170 0 0
-22.23799706 9.65988636 -2.50894499 170 0 0
-22.28389549 9.67992115 -2.49807692 170 0 0
-22.37120247 9.82993126 -2.46866298 170 0 0
-22.27788544 9.85101414 -2.47831297 170 0 0
-22.44454765 9.64834690 -2.45775795 170 0 0
-22.34456635 9.69421864 -2.47604799 170 0 0
-22.39860725 9.77169609 -2.46264791 170 0 0
-22.32192039 9.60998344 -2.50607395 170 0 0
-22.38255310 9.84748554 -2.46798396 170 0 0
-22.37236786 9.65262127 -2.47494602 170 0 0
-22.38453293 9.66447544 -2.46916604 170 0 0
-22.37991142 9.59817791 -2.49311495 170 0 0
-22.18275261 9.74672794 -2.50555396 170 0 0
-22.34695625 9.62084389 -2.49833703 170 0 0
-22.36940575 9.89161110 -2.46905899 170 0 0
-22.37170982 9.68113327 -2.47113895 170 0 0
-22.20887756 9.77080536 -2.49091792 170 0 0
-22.27791405 9.74719143 -2.48191094 170 0 0
-22.33903885 9.69180298 -2.47717190 170 0 0
-22.19241333 9.72669601 -2.50366998 170 0 0
-22.26442719 9.86943722 -2.47893596 170 0 0
-22.32570839 9.85991859 -2.47411394 170 0 0
-22.27755547 9.68989754 -2.49626303 170 0 0
-22.34893036 9.68348217 -2.47603607 170 0 0
-22.26366043 9.68380356 -2.50183606 170 0 0
-22.41505432 9.61341667 -2.47263002 170 0 0
-22.44293594 9.69939899 -2.45418191 170 0 0
-22.33827782 9.58014011 -2.51514912 170 0 0
-22.39140129 9.67750835 -2.46422696 170 0 0
-22.38699913 9.77446461 -2.46402192 170 0 0
-22.36609459 9.63054466 -2.48559594 170 0 0
-22.22428894 9.79025173 -2.48646593 170 0 0
-22.32444572 9.89095879 -2.47504902 170 0 0
-22.37323189 9.66960526 -2.47089291 170 0 0
-22.30342865 9.70125008 -2.48511910 170 0 0
-22.32115364 9.69625378 -2.48122406 170 0 0
-22.29429054 9.67224216 -2.49505901 170 0 0
-22.32985497 9.86887264 -2.47380209 170 0 0
-22.28445053 9.70485020 -2.48992395 170 0 0
-22.23876572 9.78403473 -2.48193908 170 0 0
-22.28368759 9.78199387 -2.47907090 170 0 0
-22.12973213 9.71146107 -2.50709891 170 0 0
-22.34452057 9.58286762 -2.50880098 170 0 0
-22.19942665 9.76661396 -2.49514008 170 0 0
-22.29828644 9.86807156 -2.47578311 170 0 0
-22.25580978 9.77906990 -2.48037004 170 0 0
-22.39370155 9.60415936 -2.48424196 170 0 0
-22.28327942 9.74202919 -2.48161006 170 0 0
-22.26442337 9.77059078 -2.47977996 170 0 0
-22.33445930 9.73298836 -2.47461796 170 0 0
-22.43896484 9.82229900 -2.46255589 170 0 0
-22.45449829 9.87318707 -2.46021605 170 0 0
-22.36351395 9.72753334 -2.46912289 170 0 0
-22.34820747 9.64587498 -2.48679709 170 0 0
-22.14514923 9.73020458 -2.50498009 170 0 0
-22.22648430 9.81570721 -2.48452902 170 0 0
-22.16926575 9.76613808 -2.50149298 170 0 0
-22.46202469 9.82044888 -2.45945406 170 0 0
-22.30332184 9.89978218 -2.47540808 170 0 0
-22.36016083 9.83231926 -2.47151709 170 0 0
-22.31389046 9.61875820 -2.50579596 170 0 0
-22.32710648 9.83568859 -2.47498298 170 0 0
-22.39749336 9.61804867 -2.47602701 170 0 0
-22.34999084 9.65947723 -2.48066592 170 0 0
-22.42712784 9.64301968 -2.46037197 170 0 0
-22.28549004 9.72994900 -2.48247099 170 0 0
-22.34173393 9.70364094 -2.47528505 170 0 0
-22.29862022 9.71551228 -2.48423290 170 0 0
-22.42646027 9.61520863 -2.46840405 170 0 0
-22.36297417 9.62782383 -2.48767710 170 0 0
-22.25385857 9.87555504 -2.48119402 170 0 0
-22.26910210 9.64863014 -2.50596595 170 0 0
-22.38546181 9.77934170 -2.46425509 170 0 0
-22.40263748 9.71199322 -2.46260309 170 0 0
-22.32809067 9.63710880 -2.49681306 170 0 0
-22.27242661 9.88309669 -2.47905993 170 0 0
-22.39841270 9.69277096 -2.46178102 170 0 0
-22.34187126 9.67082787 -2.48212409 170 0 0
-22.44434738 9.66314125 -2.45498610 170 0 0
-22.41446304 9.81155777 -2.46318412 170 0 0
-22.38882446 9.72427177 -2.46201897 170 0 0
-22.21632004 9.67501736 -2.50716496 170 0 0
-22.22413254 9.81491566 -2.48370504 170 0 0
-22.24985695 9.76416588 -2.48168397 170 0 0
-22.35926056 9.79461002 -2.47223091 170 0 0
-22.37661934 9.59673309 -2.49638605 170 0 0
-22.32318115 9.63495636 -2.50148010 170 0 0
-22.36093140 9.85098171 -2.47166705 170 0 0
-22.46455574 9.83356667 -2.45667100 170 0 0
-22.43465805 9.86604881 -2.46205711 170 0 0
-22.30622864 9.80673599 -2.47588396 170 0 0
-22.29082870 9.83448601 -2.47982001 170 0 0
-22.26369286 9.73341560 -2.48640490 170 0 0
-22.35421562 9.60515594 -2.50357389 170 0 0
-22.34155655 9.58156300 -2.51210093 170 0 0
-22.37571144 9.57117367 -2.50603199 170 0 0
-22.40944290 9.60782337 -2.47742510 170 0 0
-22.36539650 9.69066620 -2.47080588 170 0 0
-22.31201553 9.67999744 -2.48634505 170 0 0
-22.34727669 9.85664368 -2.47230506 170 0 0
-22.33686829 9.88377190 -2.47328496 170 0 0
-22.24073219 9.74802113 -2.48794889 170 0 0
-22.27465057 9.70054913 -2.49411607 170 0 0
-22.34370422 9.70611477 -2.47309208 170 0 0
-22.20145035 9.74275875 -2.50105000 170 0 0
-22.36510658 9.64105320 -2.48141909 170 0 0
-22.16543770 9.79234982 -2.49495411 170 0 0
-22.41479111 9.83907127 -2.46569610 170 0 0
-22.32515335 9.62362862 -2.50519490 170 0 0
-22.26881790 9.73567295 -2.48526597 170 0 0
-22.36679268 9.60467911 -2.49901199 170 0 0
-22.10815811 9.71608067 -2.51008010 170 0 0
-22.37845230 9.80860806 -2.46838808 170 0 0
-22.17822456 9.76854420 -2.49991298 170 0 0
-22.30271149 9.92191219 -2.47770905 170 0 0
-22.43249321 9.71941757 -2.45573711 170 0 0
-22.38889885 9.64275169 -2.47191405 170 0 0
-22.36121750 9.88840771 -2.47262907 170 0 0
-22.37420273 9.86237812 -2.46806502 170 0 0
-22.26719093 9.79177094 -2.48018098 170 0 0
-22.26701546 9.69719219 -2.49863005 170 0 0
-22.35650253 9.68109894 -2.47663307 170 0 0
-22.38380814 9.67420959 -2.46694303 170 0 0
-22.36734390 9.61706448 -2.49034905 170 0 0
-22.37879753 9.63470268 -2.47914410 170 0 0
-22.12788010 9.74187660 -2.50600505 170 0 0
-22.30433846 9.77137470 -2.47461295 170 0 0
-22.41452789 9.66254139 -2.45889497 170 0 0
-22.26521301 9.72101307 -2.49074507 170 0 0
-22.37564468 9.62066746 -2.48614001 170 0 0
-22.28511047 9.66820908 -2.50114799 170 0 0
-22.25808334 9.70599556 -2.49836993 170 0 0
-22.40595818 9.77035236 -2.46046090 170 0 0
-22.24314499 9.67483330 -2.50657701 170 0 0
-22.28949547 9.66324902 -2.50253296 170 0 0
-22.35699272 9.81576157 -2.47251296 170 0 0
-22.32602692 9.63620090 -2.49839902 170 0 0
-22.37759209 9.76506615 -2.46678996 170 0 0
